   0.00000   0.00000   0.00000   0.00000   8.24083   8.24083   8.58541
   1.00000   0.02749   0.02749   0.04347   8.24077   8.24077   8.58539
   2.00000   0.05497   0.05497   0.08694   8.24059   8.24059   8.58532
   3.00000   0.08244   0.08244   0.13040   8.24029   8.24029   8.58520
   4.00000   0.10991   0.10991   0.17386   8.23986   8.23986   8.58504
   5.00000   0.13736   0.13736   0.21731   8.23932   8.23932   8.58483
   6.00000   0.16479   0.16479   0.26076   8.23866   8.23866   8.58457
   7.00000   0.19220   0.19220   0.30419   8.23788   8.23788   8.58427
   8.00000   0.21958   0.21958   0.34762   8.23698   8.23698   8.58392
   9.00000   0.24694   0.24694   0.39103   8.23596   8.23596   8.58352
  10.00000   0.27426   0.27426   0.43443   8.23483   8.23483   8.58308
  11.00000   0.30154   0.30154   0.47782   8.23357   8.23357   8.58259
  12.00000   0.32879   0.32879   0.52119   8.23220   8.23220   8.58205
  13.00000   0.35599   0.35599   0.56454   8.23071   8.23071   8.58147
  14.00000   0.38314   0.38314   0.60787   8.22910   8.22910   8.58083
  15.00000   0.41025   0.41025   0.65118   8.22738   8.22738   8.58015
  16.00000   0.43730   0.43730   0.69446   8.22554   8.22554   8.57942
  17.00000   0.46429   0.46429   0.73772   8.22359   8.22359   8.57865
  18.00000   0.49121   0.49121   0.78096   8.22153   8.22153   8.57782
  19.00000   0.51808   0.51808   0.82417   8.21936   8.21936   8.57694
  20.00000   0.54487   0.54487   0.86735   8.21707   8.21707   8.57602
  21.00000   0.57159   0.57159   0.91050   8.21467   8.21467   8.57505
  22.00000   0.59823   0.59823   0.95362   8.21216   8.21216   8.57403
  23.00000   0.62480   0.62480   0.99671   8.20955   8.20955   8.57296
  24.00000   0.65128   0.65128   1.03976   8.20683   8.20683   8.57183
  25.00000   0.67767   0.67767   1.08277   8.20400   8.20400   8.57066
  26.00000   0.70397   0.70397   1.12575   8.20107   8.20107   8.56944
  27.00000   0.73018   0.73018   1.16869   8.19803   8.19803   8.56817
  28.00000   0.75629   0.75629   1.21158   8.19489   8.19489   8.56684
  29.00000   0.78230   0.78230   1.25444   8.19165   8.19165   8.56546
  30.00000   0.80820   0.80820   1.29725   8.18831   8.18831   8.56404
  31.00000   0.83399   0.83399   1.34002   8.18488   8.18488   8.56256
  32.00000   0.85967   0.85967   1.38274   8.18134   8.18134   8.56102
  33.00000   0.88523   0.88523   1.42541   8.17772   8.17772   8.55943
  34.00000   0.91068   0.91068   1.46803   8.17400   8.17400   8.55779
  35.00000   0.93600   0.93600   1.51060   8.17018   8.17018   8.55610
  36.00000   0.96119   0.96119   1.55312   8.16628   8.16628   8.55435
  37.00000   0.98626   0.98626   1.59559   8.16229   8.16229   8.55255
  38.00000   1.01118   1.01118   1.63800   8.15821   8.15821   8.55069
  39.00000   1.03598   1.03598   1.68035   8.15405   8.15405   8.54877
  40.00000   1.06063   1.06063   1.72265   8.14980   8.14980   8.54680
  41.00000   1.08513   1.08513   1.76489   8.14548   8.14548   8.54477
  42.00000   1.10949   1.10949   1.80706   8.14107   8.14107   8.54269
  43.00000   1.13370   1.13370   1.84918   8.13659   8.13659   8.54054
  44.00000   1.15775   1.15775   1.89123   8.13203   8.13203   8.53834
  45.00000   1.18164   1.18164   1.93321   8.12741   8.12741   8.53608
  46.00000   1.20537   1.20537   1.97513   8.12270   8.12270   8.53376
  47.00000   1.22894   1.22894   2.01698   8.11793   8.11793   8.53138
  48.00000   1.25234   1.25234   2.05876   8.11310   8.11310   8.52894
  49.00000   1.27556   1.27556   2.10047   8.10820   8.10820   8.52643
  50.00000   1.29861   1.29861   2.14211   8.10324   8.10324   8.52387
  51.00000   1.32148   1.32148   2.18368   8.09821   8.09821   8.52124
  52.00000   1.34417   1.34417   2.22517   8.09313   8.09313   8.51855
  53.00000   1.36667   1.36667   2.26658   8.08800   8.08800   8.51580
  54.00000   1.38898   1.38898   2.30792   8.08281   8.08281   8.51298
  55.00000   1.41110   1.41110   2.34918   8.07757   8.07757   8.51010
  56.00000   1.43303   1.43303   2.39035   8.07229   8.07229   8.50715
  57.00000   1.45475   1.45475   2.43145   8.06695   8.06695   8.50414
  58.00000   1.47628   1.47628   2.47247   8.06158   8.06158   8.50106
  59.00000   1.49760   1.49760   2.51339   8.05616   8.05616   8.49791
  60.00000   1.51871   1.51871   2.55424   8.05071   8.05071   8.49470
  61.00000   1.53961   1.53961   2.59500   8.04522   8.04522   8.49141
  62.00000   1.56029   1.56029   2.63567   8.03970   8.03970   8.48806
  63.00000   1.58076   1.58076   2.67625   8.03414   8.03414   8.48463
  64.00000   1.60101   1.60101   2.71674   8.02856   8.02856   8.48114
  65.00000   1.62103   1.62103   2.75714   8.02296   8.02296   8.47757
  66.00000   1.64083   1.64083   2.79744   8.01733   8.01733   8.47393
  67.00000   1.66040   1.66040   2.83765   8.01168   8.01168   8.47022
  68.00000   1.67974   1.67974   2.87777   8.00601   8.00601   8.46644
  69.00000   1.69884   1.69884   2.91778   8.00033   8.00033   8.46258
  70.00000   1.71770   1.71770   2.95770   7.99464   7.99464   8.45864
  71.00000   1.73633   1.73633   2.99752   7.98893   7.98893   8.45463
  72.00000   1.75471   1.75471   3.03724   7.98322   7.98322   8.45054
  73.00000   1.77284   1.77284   3.07686   7.97751   7.97751   8.44638
  74.00000   1.79073   1.79073   3.11638   7.97180   7.97180   8.44213
  75.00000   1.80837   1.80837   3.15579   7.96608   7.96608   8.43781
  76.00000   1.82576   1.82576   3.19509   7.96037   7.96037   8.43341
  77.00000   1.84289   1.84289   3.23429   7.95467   7.95467   8.42893
  78.00000   1.85976   1.85976   3.27339   7.94897   7.94897   8.42436
  79.00000   1.87638   1.87638   3.31237   7.94329   7.94329   8.41972
  80.00000   1.89273   1.89273   3.35124   7.93762   7.93762   8.41499
  81.00000   1.90882   1.90882   3.39000   7.93197   7.93197   8.41017
  82.00000   1.92464   1.92464   3.42865   7.92634   7.92634   8.40528
  83.00000   1.94020   1.94020   3.46719   7.92073   7.92073   8.40029
  84.00000   1.95548   1.95548   3.50561   7.91514   7.91514   8.39522
  85.00000   1.97050   1.97050   3.54391   7.90958   7.90958   8.39007
  86.00000   1.98525   1.98525   3.58210   7.90406   7.90406   8.38483
  87.00000   1.99972   1.99972   3.62017   7.89856   7.89856   8.37949
  88.00000   2.01391   2.01391   3.65812   7.89310   7.89310   8.37407
  89.00000   2.02783   2.02783   3.69595   7.88767   7.88767   8.36856
  90.00000   2.04147   2.04147   3.73366   7.88228   7.88228   8.36296
  91.00000   2.05483   2.05483   3.77125   7.87694   7.87694   8.35727
  92.00000   2.06791   2.06791   3.80871   7.87163   7.87163   8.35148
  93.00000   2.08071   2.08071   3.84605   7.86638   7.86638   8.34560
  94.00000   2.09323   2.09323   3.88327   7.86117   7.86117   8.33962
  95.00000   2.10546   2.10546   3.92036   7.85601   7.85601   8.33355
  96.00000   2.11742   2.11742   3.95732   7.85090   7.85090   8.32739
  97.00000   2.12909   2.12909   3.99415   7.84585   7.84585   8.32113
  98.00000   2.14047   2.14047   4.03085   7.84085   7.84085   8.31477
  99.00000   2.15157   2.15157   4.06743   7.83592   7.83592   8.30831
 100.00000   2.16239   2.16239   4.10387   7.83104   7.83104   8.30175
 101.00000   2.17292   2.17292   4.14018   7.82622   7.82622   8.29509
 102.00000   2.18317   2.18317   4.17635   7.82146   7.82146   8.28833
 103.00000   2.19313   2.19313   4.21240   7.81677   7.81677   8.28147
 104.00000   2.20281   2.20281   4.24830   7.81215   7.81215   8.27451
 105.00000   2.21221   2.21221   4.28407   7.80759   7.80759   8.26744
 106.00000   2.22133   2.22133   4.31971   7.80311   7.80311   8.26027
 107.00000   2.23016   2.23016   4.35520   7.79869   7.79869   8.25300
 108.00000   2.23871   2.23871   4.39056   7.79435   7.79435   8.24562
 109.00000   2.24699   2.24699   4.42577   7.79008   7.79008   8.23813
 110.00000   2.25498   2.25498   4.46085   7.78588   7.78588   8.23053
 111.00000   2.26270   2.26270   4.49578   7.78176   7.78176   8.22283
 112.00000   2.27014   2.27014   4.53058   7.77771   7.77771   8.21501
 113.00000   2.27731   2.27731   4.56522   7.77374   7.77374   8.20709
 114.00000   2.28421   2.28421   4.59973   7.76985   7.76985   8.19906
 115.00000   2.29084   2.29084   4.63409   7.76604   7.76604   8.19091
 116.00000   2.29720   2.29720   4.66830   7.76231   7.76231   8.18265
 117.00000   2.30329   2.30329   4.70237   7.75865   7.75865   8.17428
 118.00000   2.30912   2.30912   4.73629   7.75508   7.75508   8.16580
 119.00000   2.31469   2.31469   4.77006   7.75159   7.75159   8.15720
 120.00000   2.32000   2.32000   4.80368   7.74818   7.74818   8.14848
 121.00000   2.32506   2.32506   4.83715   7.74485   7.74485   8.13965
 122.00000   2.32986   2.32986   4.87048   7.74160   7.74160   8.13071
 123.00000   2.33441   2.33441   4.90365   7.73843   7.73843   8.12164
 124.00000   2.33872   2.33872   4.93666   7.73535   7.73535   8.11246
 125.00000   2.34279   2.34279   4.96953   7.73234   7.73234   8.10315
 126.00000   2.34661   2.34661   5.00224   7.72942   7.72942   8.09373
 127.00000   2.35020   2.35020   5.03480   7.72658   7.72658   8.08419
 128.00000   2.35355   2.35355   5.06720   7.72382   7.72382   8.07452
 129.00000   2.35668   2.35668   5.09944   7.72114   7.72114   8.06473
 130.00000   2.35959   2.35959   5.13153   7.71854   7.71854   8.05482
 131.00000   2.36227   2.36227   5.16346   7.71602   7.71602   8.04479
 132.00000   2.36474   2.36474   5.19524   7.71357   7.71357   8.03463
 133.00000   2.36699   2.36699   5.22685   7.71121   7.71121   8.02435
 134.00000   2.36904   2.36904   5.25831   7.70893   7.70893   8.01394
 135.00000   2.37089   2.37089   5.28960   7.70672   7.70672   8.00341
 136.00000   2.37254   2.37254   5.32073   7.70458   7.70458   7.99275
 137.00000   2.37399   2.37399   5.35170   7.70252   7.70252   7.98197
 138.00000   2.37526   2.37526   5.38251   7.70054   7.70054   7.97105
 139.00000   2.37635   2.37635   5.41316   7.69863   7.69863   7.96001
 140.00000   2.37725   2.37725   5.44364   7.69679   7.69679   7.94884
 141.00000   2.37799   2.37799   5.47395   7.69502   7.69502   7.93754
 142.00000   2.37856   2.37856   5.50411   7.69332   7.69332   7.92611
 143.00000   2.37896   2.37896   5.53409   7.69169   7.69169   7.91454
 144.00000   2.37921   2.37921   5.56391   7.69013   7.69013   7.90285
 145.00000   2.37931   2.37931   5.59356   7.68863   7.68863   7.89103
 146.00000   2.37926   2.37926   5.62304   7.68720   7.68720   7.87908
 147.00000   2.37908   2.37908   5.65235   7.68583   7.68583   7.86699
 148.00000   2.37876   2.37876   5.68149   7.68452   7.68452   7.85477
 149.00000   2.37831   2.37831   5.71046   7.68327   7.68327   7.84242
 150.00000   2.37774   2.37774   5.73926   7.68208   7.68208   7.82994
 151.00000   2.37705   2.37705   5.76789   7.68095   7.68095   7.81732
 152.00000   2.37625   2.37625   5.79634   7.67988   7.67988   7.80458
 153.00000   2.37535   2.37535   5.82462   7.67885   7.67885   7.79169
 154.00000   2.37435   2.37435   5.85272   7.67788   7.67788   7.77868
 155.00000   2.37326   2.37326   5.88065   7.67697   7.67697   7.76553
 156.00000   2.37208   2.37208   5.90840   7.67610   7.67610   7.75225
 157.00000   2.37082   2.37082   5.93597   7.67528   7.67528   7.73884
 158.00000   2.36949   2.36949   5.96336   7.67450   7.67450   7.72529
 159.00000   2.36809   2.36809   5.99057   7.67377   7.67377   7.71161
 160.00000   2.36662   2.36662   6.01760   7.67309   7.67309   7.69780
 161.00000   2.36510   2.36510   6.04444   7.67244   7.67244   7.68386
 162.00000   2.36353   2.36353   6.07110   7.66979   7.67184   7.67184
 163.00000   2.36191   2.36191   6.09757   7.65559   7.67127   7.67127
 164.00000   2.36025   2.36025   6.12385   7.64126   7.67075   7.67075
 165.00000   2.35856   2.35856   6.14994   7.62680   7.67025   7.67025
 166.00000   2.35685   2.35685   6.17584   7.61222   7.66979   7.66979
 167.00000   2.35511   2.35511   6.20154   7.59751   7.66936   7.66936
 168.00000   2.35336   2.35336   6.22705   7.58268   7.66897   7.66897
 169.00000   2.35159   2.35159   6.25235   7.56773   7.66860   7.66860
 170.00000   2.34982   2.34982   6.27745   7.55267   7.66826   7.66826
 171.00000   2.34805   2.34805   6.30234   7.53748   7.66795   7.66795
 172.00000   2.34629   2.34629   6.32702   7.52219   7.66766   7.66766
 173.00000   2.34454   2.34454   6.35148   7.50679   7.66739   7.66739
 174.00000   2.34280   2.34280   6.37573   7.49129   7.66715   7.66715
 175.00000   2.34109   2.34109   6.39974   7.47569   7.66693   7.66693
 176.00000   2.33940   2.33940   6.42352   7.45999   7.66672   7.66672
 177.00000   2.33774   2.33774   6.44706   7.44422   7.66654   7.66654
 178.00000   2.33611   2.33611   6.47034   7.42837   7.66637   7.66637
 179.00000   2.33453   2.33453   6.49337   7.41245   7.66622   7.66622
 180.00000   2.33299   2.33299   6.51612   7.39648   7.66609   7.66609
 181.00000   2.33149   2.33149   6.53858   7.38048   7.66596   7.66596
 182.00000   2.33005   2.33005   6.56073   7.36445   7.66585   7.66585
 183.00000   2.32867   2.32867   6.58256   7.34841   7.66576   7.66576
 184.00000   2.32734   2.32734   6.60403   7.33240   7.66567   7.66567
 185.00000   2.32607   2.32607   6.62513   7.31645   7.66559   7.66559
 186.00000   2.32488   2.32488   6.64581   7.30057   7.66552   7.66552
 187.00000   2.32375   2.32375   6.66603   7.28483   7.66546   7.66546
 188.00000   2.32269   2.32269   6.68573   7.26927   7.66541   7.66541
 189.00000   2.32171   2.32171   6.70486   7.25397   7.66537   7.66537
 190.00000   2.32080   2.32080   6.72332   7.23899   7.66533   7.66533
 191.00000   2.31997   2.31997   6.74101   7.22445   7.66529   7.66529
 192.00000   2.31923   2.31923   6.75781   7.21047   7.66526   7.66526
 193.00000   2.31857   2.31857   6.77356   7.19722   7.66524   7.66524
 194.00000   2.31799   2.31799   6.78806   7.18487   7.66522   7.66522
 195.00000   2.31750   2.31750   6.80109   7.17367   7.66520   7.66520
 196.00000   2.31709   2.31709   6.81236   7.16389   7.66519   7.66519
 197.00000   2.31678   2.31678   6.82159   7.15583   7.66518   7.66518
 198.00000   2.31655   2.31655   6.82846   7.14979   7.66517   7.66517
 199.00000   2.31642   2.31642   6.83272   7.14603   7.66517   7.66517
 200.00000   2.31637   2.31637   6.83416   7.14476   7.66517   7.66517
 201.00000   2.31635   2.31701   6.83356   7.14449   7.66520   7.66573
 202.00000   2.31629   2.31892   6.83178   7.14367   7.66529   7.66743
 203.00000   2.31618   2.32211   6.82884   7.14233   7.66544   7.67023
 204.00000   2.31602   2.32655   6.82474   7.14046   7.66565   7.67410
 205.00000   2.31583   2.33223   6.81954   7.13808   7.66592   7.67900
 206.00000   2.31559   2.33915   6.81326   7.13521   7.66625   7.68487
 207.00000   2.31531   2.34727   6.80595   7.13187   7.66664   7.69166
 208.00000   2.31499   2.35658   6.79765   7.12807   7.66709   7.69931
 209.00000   2.31463   2.36704   6.78844   7.12385   7.66760   7.70773
 210.00000   2.31422   2.37863   6.77835   7.11921   7.66816   7.71686
 211.00000   2.31378   2.39132   6.76745   7.11417   7.66879   7.72664
 212.00000   2.31330   2.40506   6.75580   7.10876   7.66947   7.73699
 213.00000   2.31279   2.41983   6.74345   7.10299   7.67020   7.74784
 214.00000   2.31224   2.43558   6.73046   7.09688   7.67100   7.75913
 215.00000   2.31165   2.45227   6.71688   7.09045   7.67184   7.77080
 216.00000   2.31103   2.46985   6.70277   7.08370   7.67275   7.78280
 217.00000   2.31038   2.48829   6.68817   7.07666   7.67370   7.79506
 218.00000   2.30970   2.50753   6.67314   7.06934   7.67471   7.80754
 219.00000   2.30900   2.52754   6.65770   7.06175   7.67577   7.82019
 220.00000   2.30826   2.54825   6.64191   7.05392   7.67688   7.83296
 221.00000   2.30750   2.56963   6.62580   7.04586   7.67804   7.84583
 222.00000   2.30672   2.59162   6.60940   7.03758   7.67925   7.85873
 223.00000   2.30591   2.61417   6.59275   7.02910   7.68050   7.87166
 224.00000   2.30509   2.63724   6.57587   7.02045   7.68181   7.88456
 225.00000   2.30425   2.66077   6.55879   7.01164   7.68316   7.89741
 226.00000   2.30339   2.68472   6.54154   7.00269   7.68455   7.91019
 227.00000   2.30251   2.70903   6.52414   6.99362   7.68599   7.92286
 228.00000   2.30163   2.73365   6.50660   6.98445   7.68747   7.93541
 229.00000   2.30073   2.75854   6.48895   6.97521   7.68899   7.94782
 230.00000   2.29983   2.78365   6.47119   6.96592   7.69055   7.96005
 231.00000   2.29892   2.80891   6.45335   6.95660   7.69214   7.97210
 232.00000   2.29800   2.83430   6.43544   6.94727   7.69378   7.98394
 233.00000   2.29708   2.85975   6.41746   6.93796   7.69545   7.99557
 234.00000   2.29616   2.88523   6.39944   6.92870   7.69716   8.00696
 235.00000   2.29524   2.91067   6.38137   6.91950   7.69890   8.01811
 236.00000   2.29433   2.93604   6.36327   6.91041   7.70067   8.02900
 237.00000   2.29342   2.96128   6.34514   6.90143   7.70247   8.03961
 238.00000   2.29251   2.98636   6.32700   6.89260   7.70431   8.04995
 239.00000   2.29161   3.01121   6.30885   6.88395   7.70617   8.06000
 240.00000   2.29073   3.03581   6.29069   6.87550   7.70806   8.06975
 241.00000   2.28985   3.06010   6.27253   6.86727   7.70998   8.07920
 242.00000   2.28898   3.08403   6.25439   6.85930   7.71192   8.08833
 243.00000   2.28813   3.10757   6.23625   6.85161   7.71388   8.09715
 244.00000   2.28729   3.13066   6.21813   6.84421   7.71587   8.10565
 245.00000   2.28647   3.15327   6.20005   6.83714   7.71788   8.11381
 246.00000   2.28566   3.17535   6.18199   6.83043   7.71991   8.12166
 247.00000   2.28487   3.19686   6.16397   6.82408   7.72195   8.12916
 248.00000   2.28410   3.21776   6.14599   6.81813   7.72402   8.13634
 249.00000   2.28335   3.23800   6.12807   6.81260   7.72611   8.14318
 250.00000   2.28261   3.25756   6.11020   6.80750   7.72821   8.14968
 251.00000   2.28190   3.27638   6.09239   6.80285   7.73032   8.15585
 252.00000   2.28120   3.29443   6.07466   6.79868   7.73245   8.16168
 253.00000   2.28052   3.31167   6.05701   6.79500   7.73460   8.16717
 254.00000   2.27986   3.32807   6.03944   6.79182   7.73676   8.17234
 255.00000   2.27921   3.34359   6.02195   6.78916   7.73893   8.17718
 256.00000   2.27859   3.35821   6.00457   6.78704   7.74111   8.18168
 257.00000   2.27797   3.37188   5.98728   6.78546   7.74330   8.18587
 258.00000   2.27737   3.38458   5.97010   6.78444   7.74551   8.18974
 259.00000   2.27679   3.39629   5.95303   6.78398   7.74772   8.19330
 260.00000   2.27621   3.40698   5.93607   6.78410   7.74995   8.19655
 261.00000   2.27565   3.41662   5.91923   6.78480   7.75218   8.19949
 262.00000   2.27509   3.42520   5.90250   6.78609   7.75443   8.20215
 263.00000   2.27454   3.43269   5.88588   6.78797   7.75668   8.20451
 264.00000   2.27398   3.43909   5.86936   6.79045   7.75894   8.20659
 265.00000   2.27343   3.44438   5.85296   6.79353   7.76121   8.20841
 266.00000   2.27287   3.44855   5.83665   6.79720   7.76349   8.20995
 267.00000   2.27231   3.45159   5.82043   6.80148   7.76578   8.21125
 268.00000   2.27173   3.45351   5.80429   6.80636   7.76808   8.21230
 269.00000   2.27114   3.45430   5.78822   6.81183   7.77039   8.21311
 270.00000   2.27053   3.45396   5.77220   6.81790   7.77270   8.21370
 271.00000   2.26990   3.45250   5.75623   6.82455   7.77503   8.21408
 272.00000   2.26924   3.44994   5.74027   6.83179   7.77737   8.21425
 273.00000   2.26854   3.44627   5.72432   6.83961   7.77972   8.21423
 274.00000   2.26781   3.44152   5.70834   6.84799   7.78208   8.21403
 275.00000   2.26704   3.43571   5.69233   6.85693   7.78446   8.21367
 276.00000   2.26621   3.42885   5.67624   6.86641   7.78684   8.21315
 277.00000   2.26533   3.42096   5.66007   6.87644   7.78925   8.21248
 278.00000   2.26439   3.41208   5.64378   6.88699   7.79166   8.21169
 279.00000   2.26338   3.40222   5.62734   6.89805   7.79410   8.21078
 280.00000   2.26230   3.39141   5.61073   6.90960   7.79655   8.20976
 281.00000   2.26114   3.37969   5.59392   6.92164   7.79902   8.20865
 282.00000   2.25989   3.36709   5.57688   6.93415   7.80151   8.20747
 283.00000   2.25854   3.35363   5.55959   6.94710   7.80402   8.20622
 284.00000   2.25710   3.33936   5.54200   6.96049   7.80655   8.20492
 285.00000   2.25554   3.32430   5.52410   6.97430   7.80911   8.20357
 286.00000   2.25387   3.30849   5.50585   6.98850   7.81169   8.20221
 287.00000   2.25208   3.29196   5.48723   7.00308   7.81430   8.20082
 288.00000   2.25015   3.27475   5.46820   7.01802   7.81693   8.19944
 289.00000   2.24808   3.25690   5.44875   7.03331   7.81960   8.19807
 290.00000   2.24586   3.23843   5.42885   7.04891   7.82229   8.19672
 291.00000   2.24349   3.21938   5.40847   7.06482   7.82502   8.19541
 292.00000   2.24095   3.19980   5.38759   7.08100   7.82778   8.19415
 293.00000   2.23823   3.17969   5.36618   7.09745   7.83058   8.19295
 294.00000   2.23534   3.15911   5.34422   7.11414   7.83341   8.19181
 295.00000   2.23225   3.13809   5.32170   7.13106   7.83628   8.19076
 296.00000   2.22896   3.11664   5.29860   7.14817   7.83920   8.18980
 297.00000   2.22547   3.09481   5.27489   7.16547   7.84215   8.18894
 298.00000   2.22176   3.07262   5.25056   7.18293   7.84515   8.18819
 299.00000   2.21782   3.05010   5.22559   7.20053   7.84820   8.18756
 300.00000   2.21365   3.02727   5.19997   7.21826   7.85129   8.18706
 301.00000   2.20923   3.00417   5.17370   7.23610   7.85443   8.18670
 302.00000   2.20456   2.98081   5.14675   7.25402   7.85762   8.18649
 303.00000   2.19964   2.95721   5.11911   7.27201   7.86086   8.18642
 304.00000   2.19444   2.93341   5.09078   7.29005   7.86416   8.18652
 305.00000   2.18897   2.90941   5.06176   7.30813   7.86750   8.18678
 306.00000   2.18321   2.88525   5.03202   7.32622   7.87091   8.18721
 307.00000   2.17716   2.86093   5.00158   7.34431   7.87437   8.18782
 308.00000   2.17080   2.83647   4.97042   7.36239   7.87788   8.18862
 309.00000   2.16413   2.81189   4.93853   7.38043   7.88146   8.18960
 310.00000   2.15715   2.78720   4.90593   7.39842   7.88509   8.19077
 311.00000   2.14984   2.76241   4.87261   7.41636   7.88879   8.19214
 312.00000   2.14220   2.73754   4.83856   7.43421   7.89255   8.19371
 313.00000   2.13422   2.71260   4.80380   7.45198   7.89637   8.19548
 314.00000   2.12589   2.68759   4.76831   7.46964   7.90025   8.19746
 315.00000   2.11720   2.66252   4.73210   7.48719   7.90419   8.19964
 316.00000   2.10816   2.63741   4.69519   7.50460   7.90820   8.20203
 317.00000   2.09874   2.61225   4.65756   7.52188   7.91227   8.20462
 318.00000   2.08895   2.58705   4.61923   7.53900   7.91640   8.20743
 319.00000   2.07878   2.56181   4.58020   7.55597   7.92060   8.21045
 320.00000   2.06823   2.53654   4.54047   7.57276   7.92486   8.21367
 321.00000   2.05728   2.51124   4.50006   7.58936   7.92918   8.21711
 322.00000   2.04594   2.48591   4.45897   7.60578   7.93356   8.22075
 323.00000   2.03420   2.46054   4.41721   7.62200   7.93801   8.22460
 324.00000   2.02204   2.43514   4.37478   7.63801   7.94251   8.22865
 325.00000   2.00948   2.40971   4.33170   7.65381   7.94708   8.23290
 326.00000   1.99651   2.38423   4.28797   7.66940   7.95170   8.23734
 327.00000   1.98311   2.35872   4.24361   7.68475   7.95639   8.24198
 328.00000   1.96929   2.33316   4.19861   7.69988   7.96112   8.24681
 329.00000   1.95505   2.30755   4.15301   7.71478   7.96591   8.25182
 330.00000   1.94038   2.28188   4.10679   7.72944   7.97076   8.25701
 331.00000   1.92528   2.25615   4.05998   7.74387   7.97565   8.26238
 332.00000   1.90974   2.23035   4.01258   7.75805   7.98060   8.26790
 333.00000   1.89378   2.20447   3.96461   7.77199   7.98559   8.27359
 334.00000   1.87737   2.17851   3.91607   7.78570   7.99062   8.27942
 335.00000   1.86053   2.15246   3.86698   7.79916   7.99570   8.28540
 336.00000   1.84325   2.12631   3.81735   7.81237   8.00082   8.29151
 337.00000   1.82553   2.10005   3.76719   7.82535   8.00597   8.29775
 338.00000   1.80738   2.07367   3.71651   7.83809   8.01116   8.30410
 339.00000   1.78878   2.04717   3.66532   7.85060   8.01637   8.31056
 340.00000   1.76975   2.02053   3.61364   7.86287   8.02162   8.31712
 341.00000   1.75027   1.99375   3.56148   7.87491   8.02689   8.32376
 342.00000   1.73037   1.96681   3.50884   7.88672   8.03218   8.33047
 343.00000   1.71002   1.93971   3.45575   7.89831   8.03749   8.33725
 344.00000   1.68924   1.91244   3.40220   7.90968   8.04281   8.34408
 345.00000   1.66804   1.88499   3.34822   7.92084   8.04814   8.35096
 346.00000   1.64640   1.85735   3.29381   7.93178   8.05348   8.35787
 347.00000   1.62434   1.82952   3.23899   7.94251   8.05882   8.36480
 348.00000   1.60185   1.80147   3.18377   7.95304   8.06416   8.37174
 349.00000   1.57894   1.77322   3.12816   7.96337   8.06950   8.37869
 350.00000   1.55562   1.74473   3.07216   7.97350   8.07483   8.38562
 351.00000   1.53188   1.71602   3.01580   7.98344   8.08014   8.39253
 352.00000   1.50773   1.68708   2.95909   7.99319   8.08544   8.39942
 353.00000   1.48318   1.65788   2.90203   8.00275   8.09071   8.40626
 354.00000   1.45823   1.62844   2.84463   8.01213   8.09596   8.41306
 355.00000   1.43289   1.59874   2.78691   8.02133   8.10118   8.41980
 356.00000   1.40715   1.56878   2.72888   8.03035   8.10636   8.42647
 357.00000   1.38103   1.53855   2.67055   8.03919   8.11151   8.43307
 358.00000   1.35453   1.50804   2.61192   8.04785   8.11661   8.43959
 359.00000   1.32766   1.47727   2.55301   8.05635   8.12166   8.44602
 360.00000   1.30042   1.44621   2.49384   8.06467   8.12667   8.45235
 361.00000   1.27281   1.41487   2.43440   8.07282   8.13161   8.45859
 362.00000   1.24486   1.38324   2.37471   8.08079   8.13650   8.46471
 363.00000   1.21655   1.35132   2.31478   8.08860   8.14132   8.47072
 364.00000   1.18791   1.31912   2.25462   8.09623   8.14607   8.47660
 365.00000   1.15893   1.28662   2.19423   8.10369   8.15075   8.48236
 366.00000   1.12962   1.25384   2.13364   8.11098   8.15535   8.48800
 367.00000   1.10000   1.22076   2.07284   8.11810   8.15987   8.49349
 368.00000   1.07006   1.18740   2.01184   8.12504   8.16430   8.49885
 369.00000   1.03982   1.15375   1.95066   8.13180   8.16865   8.50407
 370.00000   1.00928   1.11981   1.88930   8.13839   8.17290   8.50914
 371.00000   0.97846   1.08559   1.82777   8.14479   8.17705   8.51407
 372.00000   0.94735   1.05109   1.76608   8.15102   8.18110   8.51884
 373.00000   0.91598   1.01631   1.70423   8.15705   8.18504   8.52345
 374.00000   0.88434   0.98127   1.64224   8.16290   8.18888   8.52791
 375.00000   0.85245   0.94595   1.58011   8.16856   8.19260   8.53222
 376.00000   0.82031   0.91037   1.51785   8.17403   8.19620   8.53636
 377.00000   0.78794   0.87454   1.45546   8.17931   8.19969   8.54034
 378.00000   0.75534   0.83846   1.39296   8.18438   8.20305   8.54415
 379.00000   0.72252   0.80213   1.33035   8.18926   8.20629   8.54781
 380.00000   0.68949   0.76557   1.26763   8.19393   8.20940   8.55129
 381.00000   0.65627   0.72879   1.20481   8.19840   8.21237   8.55461
 382.00000   0.62285   0.69178   1.14191   8.20265   8.21521   8.55776
 383.00000   0.58925   0.65456   1.07891   8.20670   8.21791   8.56074
 384.00000   0.55548   0.61715   1.01584   8.21053   8.22048   8.56356
 385.00000   0.52155   0.57954   0.95269   8.21414   8.22290   8.56620
 386.00000   0.48747   0.54175   0.88948   8.21754   8.22517   8.56868
 387.00000   0.45325   0.50379   0.82620   8.22071   8.22730   8.57098
 388.00000   0.41889   0.46567   0.76286   8.22365   8.22928   8.57312
 389.00000   0.38442   0.42740   0.69947   8.22637   8.23110   8.57508
 390.00000   0.34983   0.38899   0.63603   8.22886   8.23278   8.57687
 391.00000   0.31514   0.35046   0.57255   8.23112   8.23430   8.57850
 392.00000   0.28035   0.31181   0.50903   8.23315   8.23566   8.57995
 393.00000   0.24549   0.27306   0.44548   8.23495   8.23687   8.58123
 394.00000   0.21055   0.23422   0.38189   8.23650   8.23792   8.58234
 395.00000   0.17555   0.19530   0.31828   8.23782   8.23880   8.58328
 396.00000   0.14050   0.15632   0.25465   8.23890   8.23953   8.58405
 397.00000   0.10541   0.11728   0.19100   8.23974   8.24010   8.58464
 398.00000   0.07029   0.07821   0.12734   8.24035   8.24050   8.58507
 399.00000   0.03515   0.03911   0.06367   8.24071   8.24075   8.58533
 400.00000   0.00000   0.00000   0.00000   8.24083   8.24083   8.58541
 401.00000   0.04462   0.04462   0.07910   8.24069   8.24069   8.58526
 402.00000   0.08922   0.08922   0.15819   8.24026   8.24026   8.58482
 403.00000   0.13378   0.13378   0.23726   8.23956   8.23956   8.58408
 404.00000   0.17827   0.17827   0.31630   8.23857   8.23857   8.58305
 405.00000   0.22268   0.22268   0.39530   8.23731   8.23731   8.58172
 406.00000   0.26698   0.26698   0.47425   8.23576   8.23576   8.58010
 407.00000   0.31115   0.31115   0.55315   8.23395   8.23395   8.57817
 408.00000   0.35517   0.35517   0.63198   8.23186   8.23186   8.57596
 409.00000   0.39903   0.39903   0.71073   8.22950   8.22950   8.57344
 410.00000   0.44269   0.44269   0.78939   8.22689   8.22689   8.57062
 411.00000   0.48614   0.48614   0.86796   8.22401   8.22401   8.56751
 412.00000   0.52937   0.52937   0.94642   8.22087   8.22087   8.56409
 413.00000   0.57233   0.57233   1.02476   8.21749   8.21749   8.56037
 414.00000   0.61503   0.61503   1.10298   8.21387   8.21387   8.55635
 415.00000   0.65743   0.65743   1.18107   8.21000   8.21000   8.55202
 416.00000   0.69952   0.69952   1.25901   8.20591   8.20591   8.54739
 417.00000   0.74127   0.74127   1.33679   8.20159   8.20159   8.54245
 418.00000   0.78267   0.78267   1.41442   8.19705   8.19705   8.53720
 419.00000   0.82370   0.82370   1.49187   8.19231   8.19231   8.53164
 420.00000   0.86434   0.86434   1.56913   8.18736   8.18736   8.52576
 421.00000   0.90456   0.90456   1.64621   8.18222   8.18222   8.51958
 422.00000   0.94436   0.94436   1.72309   8.17690   8.17690   8.51307
 423.00000   0.98371   0.98371   1.79975   8.17140   8.17140   8.50625
 424.00000   1.02259   1.02259   1.87620   8.16574   8.16574   8.49911
 425.00000   1.06099   1.06099   1.95242   8.15992   8.15992   8.49165
 426.00000   1.09889   1.09889   2.02840   8.15395   8.15395   8.48386
 427.00000   1.13627   1.13627   2.10413   8.14784   8.14784   8.47575
 428.00000   1.17312   1.17312   2.17961   8.14161   8.14161   8.46731
 429.00000   1.20942   1.20942   2.25482   8.13526   8.13526   8.45854
 430.00000   1.24515   1.24515   2.32976   8.12881   8.12881   8.44944
 431.00000   1.28030   1.28030   2.40442   8.12226   8.12226   8.44000
 432.00000   1.31485   1.31485   2.47878   8.11562   8.11562   8.43022
 433.00000   1.34879   1.34879   2.55285   8.10891   8.10891   8.42011
 434.00000   1.38211   1.38211   2.62660   8.10214   8.10214   8.40965
 435.00000   1.41480   1.41480   2.70003   8.09532   8.09532   8.39885
 436.00000   1.44683   1.44683   2.77314   8.08846   8.08846   8.38770
 437.00000   1.47821   1.47821   2.84591   8.08156   8.08156   8.37620
 438.00000   1.50891   1.50891   2.91834   8.07465   8.07465   8.36435
 439.00000   1.53893   1.53893   2.99041   8.06773   8.06773   8.35214
 440.00000   1.56826   1.56826   3.06212   8.06081   8.06081   8.33958
 441.00000   1.59689   1.59689   3.13346   8.05390   8.05390   8.32666
 442.00000   1.62482   1.62482   3.20442   8.04702   8.04702   8.31339
 443.00000   1.65203   1.65203   3.27499   8.04017   8.04017   8.29974
 444.00000   1.67851   1.67851   3.34517   8.03337   8.03337   8.28574
 445.00000   1.70427   1.70427   3.41494   8.02661   8.02661   8.27136
 446.00000   1.72930   1.72930   3.48429   8.01992   8.01992   8.25662
 447.00000   1.75360   1.75360   3.55322   8.01331   8.01331   8.24151
 448.00000   1.77716   1.77716   3.62172   8.00677   8.00677   8.22602
 449.00000   1.79997   1.79997   3.68978   8.00032   8.00032   8.21016
 450.00000   1.82205   1.82205   3.75739   7.99397   7.99397   8.19392
 451.00000   1.84339   1.84339   3.82454   7.98772   7.98772   8.17731
 452.00000   1.86399   1.86399   3.89122   7.98158   7.98158   8.16032
 453.00000   1.88386   1.88386   3.95743   7.97557   7.97557   8.14295
 454.00000   1.90299   1.90299   4.02315   7.96967   7.96967   8.12521
 455.00000   1.92139   1.92139   4.08838   7.96391   7.96391   8.10708
 456.00000   1.93907   1.93907   4.15310   7.95829   7.95829   8.08857
 457.00000   1.95603   1.95603   4.21730   7.95280   7.95280   8.06969
 458.00000   1.97229   1.97229   4.28098   7.94746   7.94746   8.05043
 459.00000   1.98784   1.98784   4.34413   7.94227   7.94227   8.03079
 460.00000   2.00270   2.00270   4.40673   7.93724   7.93724   8.01077
 461.00000   2.01687   2.01687   4.46878   7.93236   7.93236   7.99038
 462.00000   2.03038   2.03038   4.53026   7.92763   7.92763   7.96962
 463.00000   2.04323   2.04323   4.59116   7.92307   7.92307   7.94849
 464.00000   2.05543   2.05543   4.65147   7.91867   7.91867   7.92700
 465.00000   2.06699   2.06699   4.71117   7.90515   7.91443   7.91443
 466.00000   2.07794   2.07794   4.77026   7.88295   7.91035   7.91035
 467.00000   2.08829   2.08829   4.82871   7.86040   7.90643   7.90643
 468.00000   2.09805   2.09805   4.88651   7.83751   7.90268   7.90268
 469.00000   2.10724   2.10724   4.94365   7.81429   7.89909   7.89909
 470.00000   2.11588   2.11588   5.00011   7.79075   7.89566   7.89566
 471.00000   2.12398   2.12398   5.05587   7.76691   7.89239   7.89239
 472.00000   2.13157   2.13157   5.11090   7.74277   7.88927   7.88927
 473.00000   2.13866   2.13866   5.16519   7.71836   7.88631   7.88631
 474.00000   2.14526   2.14526   5.21870   7.69369   7.88350   7.88350
 475.00000   2.15141   2.15141   5.27142   7.66878   7.88083   7.88083
 476.00000   2.15712   2.15712   5.32331   7.64366   7.87832   7.87832
 477.00000   2.16240   2.16240   5.37434   7.61836   7.87594   7.87594
 478.00000   2.16729   2.16729   5.42446   7.59291   7.87371   7.87371
 479.00000   2.17179   2.17179   5.47365   7.56734   7.87160   7.87160
 480.00000   2.17593   2.17593   5.52184   7.54169   7.86963   7.86963
 481.00000   2.17972   2.17972   5.56899   7.51602   7.86779   7.86779
 482.00000   2.18319   2.18319   5.61503   7.49039   7.86608   7.86608
 483.00000   2.18635   2.18635   5.65991   7.46485   7.86448   7.86448
 484.00000   2.18923   2.18923   5.70352   7.43948   7.86299   7.86299
 485.00000   2.19183   2.19183   5.74580   7.41437   7.86162   7.86162
 486.00000   2.19418   2.19418   5.78664   7.38961   7.86036   7.86036
 487.00000   2.19629   2.19629   5.82591   7.36532   7.85921   7.85921
 488.00000   2.19817   2.19817   5.86350   7.34162   7.85815   7.85815
 489.00000   2.19985   2.19985   5.89925   7.31865   7.85719   7.85719
 490.00000   2.20134   2.20134   5.93299   7.29659   7.85633   7.85633
 491.00000   2.20264   2.20264   5.96455   7.27562   7.85556   7.85556
 492.00000   2.20378   2.20378   5.99371   7.25593   7.85488   7.85488
 493.00000   2.20475   2.20475   6.02025   7.23775   7.85428   7.85428
 494.00000   2.20558   2.20558   6.04394   7.22132   7.85377   7.85377
 495.00000   2.20626   2.20626   6.06453   7.20686   7.85334   7.85334
 496.00000   2.20681   2.20681   6.08179   7.19462   7.85299   7.85299
 497.00000   2.20723   2.20723   6.09550   7.18483   7.85272   7.85272
 498.00000   2.20753   2.20753   6.10544   7.17768   7.85253   7.85253
 499.00000   2.20771   2.20771   6.11147   7.17332   7.85241   7.85241
 500.00000   2.20776   2.20776   6.11349   7.17186   7.85238   7.85238
 501.00000   2.20784   2.20850   6.11310   7.17170   7.85232   7.85272
 502.00000   2.20807   2.21069   6.11192   7.17124   7.85214   7.85376
 503.00000   2.20845   2.21433   6.10996   7.17046   7.85184   7.85548
 504.00000   2.20898   2.21940   6.10723   7.16938   7.85143   7.85787
 505.00000   2.20966   2.22589   6.10375   7.16800   7.85089   7.86092
 506.00000   2.21048   2.23375   6.09955   7.16632   7.85024   7.86461
 507.00000   2.21145   2.24295   6.09465   7.16434   7.84948   7.86892
 508.00000   2.21256   2.25346   6.08908   7.16208   7.84859   7.87381
 509.00000   2.21381   2.26521   6.08287   7.15953   7.84760   7.87927
 510.00000   2.21520   2.27817   6.07606   7.15672   7.84650   7.88526
 511.00000   2.21671   2.29227   6.06869   7.15365   7.84528   7.89175
 512.00000   2.21835   2.30745   6.06081   7.15032   7.84396   7.89869
 513.00000   2.22011   2.32364   6.05245   7.14677   7.84253   7.90606
 514.00000   2.22199   2.34079   6.04366   7.14299   7.84099   7.91381
 515.00000   2.22398   2.35881   6.03450   7.13901   7.83936   7.92190
 516.00000   2.22608   2.37764   6.02499   7.13484   7.83763   7.93029
 517.00000   2.22827   2.39719   6.01521   7.13050   7.83580   7.93894
 518.00000   2.23056   2.41740   6.00518   7.12601   7.83387   7.94781
 519.00000   2.23294   2.43818   5.99497   7.12140   7.83186   7.95686
 520.00000   2.23539   2.45945   5.98461   7.11667   7.82976   7.96604
 521.00000   2.23792   2.48114   5.97417   7.11187   7.82758   7.97531
 522.00000   2.24052   2.50317   5.96368   7.10701   7.82531   7.98463
 523.00000   2.24317   2.52545   5.95319   7.10212   7.82297   7.99397
 524.00000   2.24588   2.54790   5.94275   7.09721   7.82055   8.00329
 525.00000   2.24863   2.57045   5.93240   7.09233   7.81807   8.01254
 526.00000   2.25142   2.59301   5.92220   7.08750   7.81551   8.02170
 527.00000   2.25424   2.61551   5.91219   7.08273   7.81290   8.03072
 528.00000   2.25709   2.63786   5.90241   7.07807   7.81022   8.03958
 529.00000   2.25995   2.66000   5.89290   7.07353   7.80749   8.04823
 530.00000   2.26281   2.68183   5.88371   7.06915   7.80471   8.05666
 531.00000   2.26568   2.70329   5.87489   7.06494   7.80189   8.06482
 532.00000   2.26855   2.72431   5.86647   7.06094   7.79901   8.07270
 533.00000   2.27140   2.74480   5.85851   7.05718   7.79610   8.08025
 534.00000   2.27423   2.76470   5.85103   7.05366   7.79316   8.08747
 535.00000   2.27703   2.78394   5.84409   7.05043   7.79018   8.09432
 536.00000   2.27980   2.80245   5.83772   7.04750   7.78718   8.10077
 537.00000   2.28253   2.82016   5.83196   7.04489   7.78415   8.10682
 538.00000   2.28522   2.83701   5.82686   7.04261   7.78111   8.11243
 539.00000   2.28786   2.85294   5.82246   7.04070   7.77805   8.11758
 540.00000   2.29043   2.86788   5.81878   7.03916   7.77498   8.12227
 541.00000   2.29295   2.88180   5.81588   7.03800   7.77190   8.12646
 542.00000   2.29540   2.89462   5.81379   7.03724   7.76882   8.13015
 543.00000   2.29777   2.90631   5.81253   7.03689   7.76574   8.13332
 544.00000   2.30007   2.91682   5.81215   7.03695   7.76267   8.13595
 545.00000   2.30229   2.92611   5.81267   7.03744   7.75960   8.13803
 546.00000   2.30443   2.93414   5.81413   7.03834   7.75655   8.13956
 547.00000   2.30648   2.94088   5.81655   7.03966   7.75351   8.14052
 548.00000   2.30843   2.94631   5.81995   7.04141   7.75048   8.14090
 549.00000   2.31029   2.95040   5.82435   7.04357   7.74748   8.14069
 550.00000   2.31206   2.95315   5.82977   7.04614   7.74451   8.13989
 551.00000   2.31373   2.95454   5.83623   7.04911   7.74156   8.13849
 552.00000   2.31530   2.95457   5.84373   7.05246   7.73865   8.13648
 553.00000   2.31677   2.95324   5.85228   7.05619   7.73577   8.13386
 554.00000   2.31813   2.95056   5.86188   7.06029   7.73292   8.13064
 555.00000   2.31940   2.94654   5.87253   7.06472   7.73012   8.12680
 556.00000   2.32056   2.94121   5.88423   7.06947   7.72736   8.12234
 557.00000   2.32162   2.93459   5.89697   7.07453   7.72464   8.11727
 558.00000   2.32258   2.92671   5.91072   7.07987   7.72197   8.11159
 559.00000   2.32344   2.91761   5.92549   7.08546   7.71935   8.10531
 560.00000   2.32420   2.90733   5.94124   7.09128   7.71677   8.09842
 561.00000   2.32487   2.89592   5.95796   7.09731   7.71425   8.09093
 562.00000   2.32544   2.88343   5.97561   7.10351   7.71179   8.08285
 563.00000   2.32592   2.86991   5.99417   7.10985   7.70938   8.07420
 564.00000   2.32630   2.85543   6.01361   7.11630   7.70703   8.06497
 565.00000   2.32661   2.84004   6.03389   7.12284   7.70473   8.05518
 566.00000   2.32682   2.82381   6.05499   7.12942   7.70250   8.04484
 567.00000   2.32696   2.80681   6.07685   7.13602   7.70033   8.03398
 568.00000   2.32702   2.78911   6.09943   7.14260   7.69822   8.02261
 569.00000   2.32701   2.77079   6.12271   7.14912   7.69617   8.01074
 570.00000   2.32694   2.75191   6.14664   7.15555   7.69419   7.99841
 571.00000   2.32679   2.73256   6.17116   7.16185   7.69227   7.98564
 572.00000   2.32659   2.71281   6.19624   7.16797   7.69041   7.97244
 573.00000   2.32634   2.69275   6.22183   7.17388   7.68862   7.95887
 574.00000   2.32604   2.67246   6.24789   7.17953   7.68690   7.94495
 575.00000   2.32569   2.65201   6.27435   7.18489   7.68524   7.93071
 576.00000   2.32530   2.63149   6.30118   7.18990   7.68365   7.91621
 577.00000   2.32488   2.61098   6.32833   7.19452   7.68213   7.90149
 578.00000   2.32443   2.59056   6.35573   7.19871   7.68067   7.88660
 579.00000   2.32395   2.57032   6.38333   7.20240   7.67928   7.87160
 580.00000   2.32346   2.55034   6.41108   7.20555   7.67795   7.85655
 581.00000   2.32295   2.53070   6.43891   7.20811   7.67669   7.84152
 582.00000   2.32244   2.51148   6.46677   7.21003   7.67550   7.82658
 583.00000   2.32192   2.49276   6.49459   7.21125   7.67438   7.81182
 584.00000   2.32140   2.47462   6.52229   7.21172   7.67332   7.79730
 585.00000   2.32089   2.45714   6.54979   7.21139   7.67232   7.78313
 586.00000   2.32038   2.44038   6.57702   7.21024   7.67139   7.76940
 587.00000   2.31989   2.42443   6.60387   7.20822   7.67053   7.75618
 588.00000   2.31942   2.40935   6.63024   7.20533   7.66973   7.74359
 589.00000   2.31898   2.39521   6.65601   7.20156   7.66900   7.73170
 590.00000   2.31855   2.38207   6.68103   7.19696   7.66833   7.72060
 591.00000   2.31816   2.36998   6.70514   7.19158   7.66773   7.71037
 592.00000   2.31780   2.35902   6.72815   7.18553   7.66719   7.70107
 593.00000   2.31748   2.34922   6.74980   7.17898   7.66672   7.69277
 594.00000   2.31719   2.34063   6.76983   7.17215   7.66631   7.68551
 595.00000   2.31695   2.33329   6.78789   7.16532   7.66596   7.67933
 596.00000   2.31674   2.32724   6.80359   7.15885   7.66567   7.67424
 597.00000   2.31658   2.32250   6.81649   7.15315   7.66545   7.67028
 598.00000   2.31647   2.31910   6.82614   7.14865   7.66529   7.66744
 599.00000   2.31640   2.31706   6.83212   7.14576   7.66520   7.66574
 600.00000   2.31637   2.31637   6.83416   7.14476   7.66517   7.66517
 601.00000   2.31630   2.31675   6.83386   7.14462   7.66518   7.66545
 602.00000   2.31610   2.31788   6.83297   7.14421   7.66522   7.66631
 603.00000   2.31576   2.31976   6.83149   7.14353   7.66528   7.66773
 604.00000   2.31528   2.32239   6.82943   7.14258   7.66538   7.66971
 605.00000   2.31466   2.32576   6.82680   7.14136   7.66549   7.67223
 606.00000   2.31391   2.32988   6.82362   7.13987   7.66563   7.67529
 607.00000   2.31302   2.33473   6.81989   7.13811   7.66580   7.67887
 608.00000   2.31199   2.34030   6.81564   7.13609   7.66599   7.68295
 609.00000   2.31084   2.34659   6.81088   7.13380   7.66620   7.68751
 610.00000   2.30954   2.35360   6.80563   7.13124   7.66643   7.69254
 611.00000   2.30812   2.36130   6.79993   7.12842   7.66669   7.69801
 612.00000   2.30656   2.36969   6.79378   7.12534   7.66697   7.70390
 613.00000   2.30487   2.37875   6.78721   7.12200   7.66727   7.71019
 614.00000   2.30305   2.38849   6.78026   7.11840   7.66759   7.71685
 615.00000   2.30110   2.39887   6.77293   7.11455   7.66793   7.72386
 616.00000   2.29902   2.40989   6.76525   7.11044   7.66828   7.73119
 617.00000   2.29681   2.42153   6.75726   7.10609   7.66866   7.73883
 618.00000   2.29448   2.43378   6.74896   7.10149   7.66905   7.74676
 619.00000   2.29202   2.44662   6.74039   7.09664   7.66945   7.75494
 620.00000   2.28944   2.46004   6.73156   7.09156   7.66987   7.76336
 621.00000   2.28674   2.47402   6.72249   7.08623   7.67030   7.77200
 622.00000   2.28392   2.48854   6.71322   7.08067   7.67075   7.78083
 623.00000   2.28098   2.50358   6.70375   7.07488   7.67120   7.78985
 624.00000   2.27793   2.51913   6.69411   7.06886   7.67167   7.79902
 625.00000   2.27476   2.53517   6.68431   7.06261   7.67214   7.80834
 626.00000   2.27148   2.55168   6.67437   7.05615   7.67263   7.81778
 627.00000   2.26809   2.56863   6.66431   7.04946   7.67312   7.82733
 628.00000   2.26459   2.58603   6.65415   7.04257   7.67362   7.83698
 629.00000   2.26099   2.60383   6.64390   7.03546   7.67412   7.84670
 630.00000   2.25728   2.62204   6.63357   7.02815   7.67463   7.85650
 631.00000   2.25348   2.64062   6.62318   7.02064   7.67515   7.86634
 632.00000   2.24957   2.65955   6.61274   7.01293   7.67566   7.87622
 633.00000   2.24558   2.67883   6.60226   7.00503   7.67618   7.88614
 634.00000   2.24149   2.69842   6.59177   6.99694   7.67671   7.89606
 635.00000   2.23731   2.71831   6.58126   6.98867   7.67723   7.90600
 636.00000   2.23305   2.73848   6.57075   6.98023   7.67775   7.91593
 637.00000   2.22870   2.75892   6.56026   6.97161   7.67828   7.92585
 638.00000   2.22428   2.77960   6.54978   6.96282   7.67880   7.93574
 639.00000   2.21978   2.80050   6.53933   6.95387   7.67932   7.94560
 640.00000   2.21522   2.82161   6.52892   6.94477   7.67985   7.95542
 641.00000   2.21058   2.84290   6.51856   6.93552   7.68036   7.96519
 642.00000   2.20588   2.86436   6.50826   6.92612   7.68088   7.97490
 643.00000   2.20112   2.88597   6.49802   6.91659   7.68139   7.98455
 644.00000   2.19630   2.90771   6.48785   6.90692   7.68190   7.99413
 645.00000   2.19143   2.92956   6.47776   6.89713   7.68241   8.00364
 646.00000   2.18652   2.95150   6.46776   6.88722   7.68291   8.01305
 647.00000   2.18156   2.97351   6.45785   6.87720   7.68341   8.02238
 648.00000   2.17656   2.99559   6.44804   6.86708   7.68390   8.03162
 649.00000   2.17153   3.01769   6.43833   6.85686   7.68438   8.04075
 650.00000   2.16647   3.03982   6.42874   6.84655   7.68486   8.04977
 651.00000   2.16138   3.06195   6.41926   6.83616   7.68534   8.05869
 652.00000   2.15628   3.08406   6.40991   6.82570   7.68580   8.06749
 653.00000   2.15116   3.10613   6.40068   6.81517   7.68626   8.07616
 654.00000   2.14603   3.12815   6.39159   6.80459   7.68672   8.08472
 655.00000   2.14090   3.15010   6.38264   6.79397   7.68716   8.09314
 656.00000   2.13577   3.17196   6.37382   6.78330   7.68760   8.10143
 657.00000   2.13064   3.19370   6.36516   6.77261   7.68804   8.10958
 658.00000   2.12553   3.21532   6.35664   6.76191   7.68846   8.11758
 659.00000   2.12043   3.23679   6.34828   6.75119   7.68888   8.12545
 660.00000   2.11536   3.25810   6.34008   6.74048   7.68928   8.13316
 661.00000   2.11031   3.27923   6.33204   6.72978   7.68968   8.14073
 662.00000   2.10530   3.30015   6.32416   6.71911   7.69007   8.14813
 663.00000   2.10032   3.32085   6.31645   6.70847   7.69046   8.15538
 664.00000   2.09539   3.34132   6.30892   6.69789   7.69083   8.16247
 665.00000   2.09052   3.36153   6.30156   6.68736   7.69119   8.16939
 666.00000   2.08569   3.38146   6.29438   6.67690   7.69155   8.17615
 667.00000   2.08093   3.40109   6.28738   6.66653   7.69189   8.18274
 668.00000   2.07624   3.42042   6.28057   6.65626   7.69223   8.18915
 669.00000   2.07162   3.43941   6.27394   6.64610   7.69256   8.19539
 670.00000   2.06708   3.45805   6.26750   6.63606   7.69288   8.20146
 671.00000   2.06262   3.47632   6.26125   6.62616   7.69319   8.20734
 672.00000   2.05826   3.49420   6.25519   6.61641   7.69348   8.21305
 673.00000   2.05398   3.51167   6.24933   6.60682   7.69377   8.21857
 674.00000   2.04981   3.52871   6.24367   6.59742   7.69405   8.22391
 675.00000   2.04575   3.54531   6.23821   6.58821   7.69432   8.22906
 676.00000   2.04180   3.56145   6.23294   6.57920   7.69458   8.23402
 677.00000   2.03796   3.57710   6.22788   6.57042   7.69483   8.23879
 678.00000   2.03425   3.59225   6.22303   6.56188   7.69507   8.24337
 679.00000   2.03066   3.60688   6.21838   6.55359   7.69530   8.24776
 680.00000   2.02721   3.62097   6.21393   6.54556   7.69552   8.25195
 681.00000   2.02389   3.63451   6.20970   6.53782   7.69572   8.25594
 682.00000   2.02071   3.64747   6.20568   6.53037   7.69592   8.25974
 683.00000   2.01768   3.65985   6.20186   6.52323   7.69611   8.26334
 684.00000   2.01479   3.67161   6.19826   6.51641   7.69629   8.26674
 685.00000   2.01206   3.68276   6.19488   6.50992   7.69645   8.26994
 686.00000   2.00949   3.69326   6.19170   6.50379   7.69661   8.27294
 687.00000   2.00708   3.70312   6.18874   6.49802   7.69675   8.27573
 688.00000   2.00483   3.71230   6.18600   6.49262   7.69689   8.27832
 689.00000   2.00275   3.72081   6.18348   6.48761   7.69701   8.28071
 690.00000   2.00084   3.72861   6.18117   6.48299   7.69713   8.28289
 691.00000   1.99910   3.73572   6.17908   6.47878   7.69723   8.28487
 692.00000   1.99754   3.74210   6.17721   6.47499   7.69732   8.28664
 693.00000   1.99616   3.74776   6.17555   6.47162   7.69740   8.28820
 694.00000   1.99496   3.75269   6.17412   6.46869   7.69747   8.28955
 695.00000   1.99394   3.75687   6.17291   6.46619   7.69753   8.29070
 696.00000   1.99310   3.76029   6.17191   6.46414   7.69758   8.29164
 697.00000   1.99245   3.76297   6.17114   6.46255   7.69762   8.29237
 698.00000   1.99199   3.76488   6.17059   6.46140   7.69764   8.29289
 699.00000   1.99171   3.76603   6.17026   6.46071   7.69766   8.29321
 700.00000   1.99161   3.76641   6.17015   6.46048   7.69767   8.29331
 701.00000   1.99179   3.76622   6.16947   6.46112   7.69770   8.29327
 702.00000   1.99233   3.76566   6.16744   6.46300   7.69782   8.29314
 703.00000   1.99321   3.76471   6.16414   6.46608   7.69801   8.29293
 704.00000   1.99445   3.76339   6.15965   6.47026   7.69829   8.29263
 705.00000   1.99604   3.76168   6.15408   6.47543   7.69863   8.29225
 706.00000   1.99797   3.75957   6.14758   6.48147   7.69906   8.29178
 707.00000   2.00023   3.75707   6.14028   6.48825   7.69956   8.29122
 708.00000   2.00281   3.75417   6.13229   6.49566   7.70014   8.29057
 709.00000   2.00571   3.75085   6.12375   6.50358   7.70080   8.28984
 710.00000   2.00892   3.74711   6.11477   6.51192   7.70153   8.28901
 711.00000   2.01242   3.74294   6.10545   6.52059   7.70234   8.28809
 712.00000   2.01619   3.73832   6.09588   6.52951   7.70322   8.28708
 713.00000   2.02024   3.73325   6.08614   6.53862   7.70418   8.28597
 714.00000   2.02454   3.72771   6.07631   6.54786   7.70521   8.28476
 715.00000   2.02907   3.72170   6.06646   6.55718   7.70632   8.28346
 716.00000   2.03383   3.71519   6.05664   6.56655   7.70750   8.28205
 717.00000   2.03879   3.70819   6.04692   6.57593   7.70875   8.28054
 718.00000   2.04394   3.70066   6.03732   6.58529   7.71007   8.27892
 719.00000   2.04926   3.69261   6.02791   6.59462   7.71146   8.27720
 720.00000   2.05474   3.68402   6.01872   6.60388   7.71291   8.27537
 721.00000   2.06036   3.67488   6.00979   6.61308   7.71444   8.27342
 722.00000   2.06609   3.66517   6.00115   6.62219   7.71603   8.27136
 723.00000   2.07193   3.65490   5.99282   6.63120   7.71768   8.26918
 724.00000   2.07784   3.64404   5.98485   6.64012   7.71939   8.26688
 725.00000   2.08383   3.63259   5.97724   6.64893   7.72116   8.26446
 726.00000   2.08986   3.62054   5.97002   6.65763   7.72300   8.26191
 727.00000   2.09592   3.60789   5.96321   6.66623   7.72488   8.25924
 728.00000   2.10200   3.59463   5.95683   6.67472   7.72682   8.25644
 729.00000   2.10807   3.58076   5.95088   6.68311   7.72881   8.25350
 730.00000   2.11413   3.56627   5.94538   6.69140   7.73085   8.25043
 731.00000   2.12014   3.55117   5.94034   6.69959   7.73293   8.24722
 732.00000   2.12611   3.53546   5.93576   6.70770   7.73506   8.24387
 733.00000   2.13201   3.51914   5.93164   6.71572   7.73723   8.24038
 734.00000   2.13783   3.50222   5.92800   6.72366   7.73943   8.23675
 735.00000   2.14356   3.48470   5.92482   6.73153   7.74167   8.23297
 736.00000   2.14918   3.46659   5.92211   6.73935   7.74395   8.22905
 737.00000   2.15469   3.44790   5.91986   6.74710   7.74625   8.22497
 738.00000   2.16006   3.42864   5.91807   6.75482   7.74858   8.22075
 739.00000   2.16529   3.40882   5.91673   6.76250   7.75093   8.21637
 740.00000   2.17037   3.38847   5.91582   6.77014   7.75331   8.21184
 741.00000   2.17528   3.36758   5.91534   6.77777   7.75570   8.20716
 742.00000   2.18003   3.34619   5.91528   6.78539   7.75811   8.20233
 743.00000   2.18460   3.32432   5.91563   6.79300   7.76053   8.19734
 744.00000   2.18899   3.30197   5.91636   6.80061   7.76296   8.19219
 745.00000   2.19318   3.27917   5.91747   6.80824   7.76540   8.18689
 746.00000   2.19718   3.25595   5.91894   6.81588   7.76784   8.18144
 747.00000   2.20097   3.23232   5.92075   6.82355   7.77028   8.17584
 748.00000   2.20456   3.20832   5.92289   6.83124   7.77273   8.17008
 749.00000   2.20794   3.18396   5.92534   6.83897   7.77517   8.16418
 750.00000   2.21112   3.15928   5.92808   6.84674   7.77761   8.15813
 751.00000   2.21407   3.13429   5.93110   6.85455   7.78003   8.15193
 752.00000   2.21682   3.10903   5.93437   6.86241   7.78245   8.14559
 753.00000   2.21935   3.08353   5.93789   6.87032   7.78486   8.13911
 754.00000   2.22167   3.05781   5.94163   6.87828   7.78725   8.13249
 755.00000   2.22378   3.03190   5.94558   6.88628   7.78963   8.12574
 756.00000   2.22568   3.00583   5.94971   6.89434   7.79199   8.11886
 757.00000   2.22737   2.97964   5.95402   6.90245   7.79432   8.11186
 758.00000   2.22886   2.95335   5.95849   6.91060   7.79664   8.10474
 759.00000   2.23015   2.92700   5.96309   6.91880   7.79893   8.09751
 760.00000   2.23124   2.90062   5.96782   6.92705   7.80119   8.09017
 761.00000   2.23215   2.87423   5.97265   6.93533   7.80343   8.08274
 762.00000   2.23287   2.84788   5.97758   6.94365   7.80563   8.07521
 763.00000   2.23341   2.82159   5.98259   6.95199   7.80780   8.06760
 764.00000   2.23378   2.79540   5.98765   6.96036   7.80994   8.05991
 765.00000   2.23399   2.76934   5.99277   6.96874   7.81205   8.05216
 766.00000   2.23404   2.74344   5.99793   6.97713   7.81412   8.04435
 767.00000   2.23395   2.71775   6.00310   6.98552   7.81614   8.03649
 768.00000   2.23371   2.69229   6.00829   6.99389   7.81813   8.02860
 769.00000   2.23335   2.66710   6.01347   7.00225   7.82008   8.02068
 770.00000   2.23286   2.64222   6.01863   7.01058   7.82198   8.01275
 771.00000   2.23226   2.61767   6.02376   7.01886   7.82384   8.00483
 772.00000   2.23156   2.59350   6.02886   7.02709   7.82565   7.99691
 773.00000   2.23076   2.56975   6.03389   7.03525   7.82742   7.98902
 774.00000   2.22988   2.54644   6.03887   7.04333   7.82913   7.98117
 775.00000   2.22893   2.52361   6.04377   7.05132   7.83080   7.97338
 776.00000   2.22791   2.50131   6.04857   7.05920   7.83241   7.96567
 777.00000   2.22684   2.47956   6.05329   7.06696   7.83397   7.95804
 778.00000   2.22573   2.45841   6.05789   7.07458   7.83547   7.95052
 779.00000   2.22458   2.43788   6.06237   7.08205   7.83691   7.94313
 780.00000   2.22341   2.41802   6.06672   7.08934   7.83830   7.93588
 781.00000   2.22223   2.39885   6.07093   7.09645   7.83963   7.92880
 782.00000   2.22104   2.38042   6.07500   7.10335   7.84090   7.92190
 783.00000   2.21985   2.36276   6.07890   7.11003   7.84211   7.91520
 784.00000   2.21869   2.34590   6.08263   7.11646   7.84326   7.90873
 785.00000   2.21754   2.32987   6.08619   7.12264   7.84434   7.90250
 786.00000   2.21642   2.31471   6.08956   7.12854   7.84536   7.89655
 787.00000   2.21535   2.30045   6.09274   7.13413   7.84631   7.89088
 788.00000   2.21432   2.28712   6.09571   7.13941   7.84720   7.88552
 789.00000   2.21334   2.27474   6.09848   7.14436   7.84802   7.88049
 790.00000   2.21243   2.26334   6.10103   7.14894   7.84877   7.87582
 791.00000   2.21159   2.25294   6.10335   7.15316   7.84945   7.87152
 792.00000   2.21081   2.24358   6.10545   7.15698   7.85006   7.86762
 793.00000   2.21012   2.23527   6.10732   7.16040   7.85060   7.86412
 794.00000   2.20951   2.22802   6.10894   7.16339   7.85107   7.86106
 795.00000   2.20898   2.22186   6.11033   7.16595   7.85147   7.85843
 796.00000   2.20855   2.21680   6.11146   7.16807   7.85179   7.85627
 797.00000   2.20821   2.21286   6.11235   7.16972   7.85205   7.85457
 798.00000   2.20796   2.21003   6.11298   7.17091   7.85223   7.85336
 799.00000   2.20781   2.20833   6.11337   7.17162   7.85234   7.85262
 800.00000   2.20776   2.20776   6.11349   7.17186   7.85238   7.85238
