-8.0812, -3.201, -0.530, 0.513, 1.942, -1.765, -0.985, -1.933, 1.479, 4.018, 9.6268
5.65, 69.72, 74.92   
   A,       B,     C1,     D1,     E1,     F1,    C2,     D2,    E2,    F2,     Z2
  A,   M1,    M2

GaAs
-8.0812, -3.201, -0.530, 0.513, 1.942, -1.765, -0.985, -1.933, 1.479, 4.018, 9.6268
5.65, 69.72, 74.92  

GaAs data from reference J Phys. Condens Matter 2 1457 1990 
-7.956, -3.252, -0.346, 0.485, 1.782, -2.291, -0.901, -2.410, 1.630, 3.924, 19.5226
5.65, 69.72, 74.92 


ZnO Zincblende
-3.9282, -3.1210, -0.506, -0.746, 0.2514, 1.3898, -0.5140, -0.283, -0.1478, -0.1751, 19.155
4.46, 65.41, 16.00 

ZnS
-6.7442, -4.8368, -0.3440, -0.9498, 0.6136, 1.7354, -0.7309, -0.4104, -0.5570, -1.3328, 1.552
5.41, 65.41, 32.06  

AlAs
-0.02304, -0.01599, -0.00259, -0.00267, -0.00145, 0.00581, -0.00259, -0.00267, -0.00145, 0.00581, 0.20189
 5.6605, 26.98, 74.92